ID_Usuario,Nome,DataAdmissao,Matricula,Estagiario,Departamento
31,Korella Halso,03/20/2014,489-7T7li4,Nao,Central
32,Ivette Hrachovec,11/28/2011,352-mmlkMI,Sim,Central
33,Cornie Hehir,03/08/2010,533-C0Nhxx,Sim,Central
34,Dev Handasyde,08/18/2012,234-8RRwPa,Nao,Central
35,Cyrille Van Hove,01/15/2012,170-cZfxKM,Nao,Central
36,Ky Barkus,11/19/2014,312-XAD3zP,Nao,Central
37,Tracy Blunn,08/17/2013,273-VjF9sZ,Nao,Central
38,Doria Jambrozek,05/05/2013,485-Jlgm5s,Nao,Central
39,Dunn Becraft,10/26/2014,453-4re3Cx,Nao,Central
40,Phylis McShee,06/06/2010,391-h3Eab5,Sim,Central
41,Ken Crowhurst,04/23/2014,644-xNAIhn,Sim,Central
42,Cullie Burehill,04/18/2012,629-2Gda2S,Nao,Central
43,Savina Ellif,07/10/2010,833-RIAPE2,Sim,Central
44,Emogene Wegner,08/30/2014,855-6CiBLR,Sim,Central
45,Ave Rotchell,10/06/2013,875-aby2Vm,Sim,Central
